orientation
0 0 1 0
scale
1 1
spine
2.00 0.0 0.00 1.85 0.0 0.77 1.41 0.0 1.41 0.77 0.0 1.85 0.00 0.0 2.00 -0.77 0.0 1.85 -1.41 0.0 1.41 -1.85 0.0 0.77 -2.00 0.0 0.00 -1.85 0.0 -0.77 -1.41 0.0 -1.41 -0.77 0.0 -1.85 0.00 0.0 -2.00 0.77 0.0 -1.85 1.41 0.0 -1.41 1.85 0.0 -0.77 2.00 0.0 0.00
crossSection
1.00 0.00 0.92 -0.38 0.71 -0.71 0.38 -0.92 0.00 -1.00 -0.38 -0.92 -0.71 -0.71 -0.92 -0.38 -1.00 -0.00 -0.92 0.38 -0.71 0.71 -0.38 0.92 0.00 1.00 0.38 0.92 0.71 0.71 0.92 0.38 1.00 0.00
beginCap
false
convex
false
creaseAngle
1.57
endCap
false
solid
true
ccw
true