orientation
0 0 1 0
scale
1.8 1.8 1.95 1.95 2.0 2.0 1.95 1.95 1.8 1.8 1.5 1.5 1.2 1.2 1.05 1.05 1.0 1.0 1.05 1.05 1.15 1.15
spine
0.0 0.0 0.0 0.0 0.4 0.0 0.0 0.8 0.0 0.0 1.2 0.0 0.0 1.6 0.0 0.0 2.0 0.0 0.0 2.4 0.0 0.0 2.8 0.0 0.0 3.2 0.0 0.0 3.6 0.0 0.0 4.0 0.0
crossSection
1.00 0.00 0.92 -0.38 0.71 -0.71 0.38 -0.92 0.00 -1.00 -0.38 -0.92 -0.71 -0.71 -0.92 -0.38 -1.00 -0.00 -0.92 0.38 -0.71 0.71 -0.38 0.92 0.00 1.00 0.38 0.92 0.71 0.71 0.92 0.38 1.00 0.00
beginCap
true
convex
true
creaseAngle
1.57
endCap
false
solid
false